		Astronaut A	Astronaut B	Astronaut C	Astronaut D	Astronaut E	Astronaut F	Astronaut A	Astronaut B	Astronaut C	Astronaut D	Astronaut E	Astronaut F	Average	Average								
		PREFLIGHT	PREFLIGHT	PREFLIGHT	PREFLIGHT	PREFLIGHT	PREFLIGHT	POSTFLIGHT	POSTFLIGHT	POSTFLIGHT	POSTFLIGHT	POSTFLIGHT	POSTFLIGHT	PREFLIGHT	POSTFLIGHT	Ratio	Log2 Ratio	F-test	p-value	p-value adjusted for F			
																							
ID_REF																							
C277	K00650	2	0	3	1	1	2	6	0	7	4	4	7	1.50	4.67	3.11	1.64	0.062	0.032	0.021772846			
421	M31630		0	3	2				0	0	1			1.67	0.33	0.20	-2.32	0.250	0.267	0.230199641			
427	M34356		30	30	25		19		10	27	32	12	26	26.00	21.40	0.82	-0.28	0.331	0.400	0.428052066			
766	X60188		16	5	1				3	3	8			7.33	4.67	0.64	-0.65	0.243	0.623	0.606980688			
727	M84489		0	2	1				0	1	0			1.00	0.33	0.33	-1.58	0.500	0.387	0.373900966			
769	X80692		0	2	0				0	1	2			0.67	1.00	1.50	0.58	0.857	0.725	0.724658636			
C195	X59727		0	3	2				0	0	0			1.67	0.00	0.00	null	null	0.199	0.131777567			
C172	U25278		1	1	2				0	1	0			1.33	0.33	0.25	-2.00	1.000	0.101	0.101191507			
C207	X79483		0	0	0				2	0	0			0.00	0.67	null	null	null	0.423	0.373900966			
704	L35253; L35263		9	1	4				6	15	11		57	4.67	22.25	4.77	2.25	0.058	0.231	0.265049868			
C179	U53442		0	0	0				1	0	0			0.00	0.33	null	null	null	0.423	0.373900966			
702	L26318		0	0	1				2	0	0			0.33	0.67	2.00	1.00	0.400	0.686	0.677868829			
779	L31951	5	22	25	13	44	10	13	0	45	61	14	64	19.83	32.83	1.66	0.73	0.168	0.332	0.324307582			
791	U34819 + U07620		3	1	0				1	1	0			1.33	0.67	0.50	-1.00	0.250	0.538	0.518518519			
C315	U25265		0	3	13				0	7	8			5.33	5.00	0.94	-0.09	0.582	0.947	0.946485438			
335	L05624		0	3	3				0	2	1			2.00	1.00	0.50	-1.00	0.500	0.447	0.435330943			
C286	L11285		40	24	12			12	17	21	9	15	19	25.33	15.50	0.61	-0.71	0.036	0.349	0.141874611			
849	U39657		0	3	0				0	28	1			1.00	9.67	9.67	3.27	0.023	0.445	0.400704045			
C250	U78876		26	17	15	27		22	7	24	18		20	21.25	18.20	0.86	-0.22	0.931	0.499	0.502453125			
S14	D63780		0	2	0				0	1	2			0.67	1.00	1.50	0.58	0.857	0.725	0.724658636			
S99	U77129		2	8	2				2	3	4			4.00	3.00	0.75	-0.42	0.154	0.672	0.656045012			
S114	U07349		0	0	0				0	0	0			0.00	0.00	0.00	null	0.000	0.000	0			
S98	U66464		0	0	2				2	0	0			0.67	0.67	1.00	0.00	1.000	1.000	1			
S1	AB005216		0	0	4				1	0	3			1.33	1.33	1.00	0.00	0.609	1.000	1			
S74	X17576		0	1	5				0	5	3			2.00	2.67	1.33	0.42	0.950	0.768	0.767643915			
C171	U24153		13	1	6				2	9	10			6.67	7.00	1.05	0.07	0.687	0.942	0.941861652			
C154	M35543 + M57298	32	23	26	25	15	8	28	16	32	21	6	23	21.50	21.00	0.98	-0.03	0.884	0.924	0.924472358			
S53	U12595		1	0	3				0	5	0			1.33	1.67	1.25	0.32	0.438	0.871	0.868273624			
S54	U12596		0	0	0				0	1	0			0.00	0.33	null	null	null	0.423	0.373900966			
C88	X17620		1	3	4				0	1	1			2.67	0.67	0.25	-2.00	0.250	0.139	0.101191507			
152	M64673	20	32	9	2	12	10	8	1	12	5	7	7	14.17	6.67	0.47	-1.09	0.036	0.147	0.128392544			
S40	M65217		6	3	0				0	0	0			3.00	0.00	0.00	null	null	0.225	0.158302423			
S17	D87673		0	2	0				0	0	0			0.67	0.00	0.00	null	null	0.423	0.373900966			
C18	L34075		0	2	0				0	0	1			0.67	0.33	0.50	-1.00	0.400	0.686	0.677868829			
S117	M35663; U50648		1	7	2				4	9	11		20	3.33	11.00	3.30	1.72	0.387	0.108	0.130941913			
S118	U07550		0	0	1				0	0	0			0.33	0.00	0.00	null	null	0.423	0.373900966			
S16	D86956		2	1	5				0	2	0			2.67	0.67	0.25	-2.00	0.471	0.238	0.219306924			
761	X54079	44	95	87	36	33		15	26	59	19	22	13	59.00	25.67	0.44	-1.20	0.254	0.066	0.043556034			
S80	X61598 + D83174		0	0	1				0	0	1			0.33	0.33	1.00	0.00	1.000	1.000	1			
817	M11717	23	29	13	11		12	20	20	20	18	15	23	17.60	19.33	1.10	0.14	0.033	0.663	0.62649344			
S123	L26336		0	0	1				1	0	0			0.33	0.33	1.00	0.00	1.000	1.000	1			
S28	L12723		1	0	5				1	11	6			2.00	6.00	3.00	1.58	0.438	0.307	0.287864135			
S121	X51757; M11236	2	15	27	12	10	6	22	16	34	17	11	11	12.00	18.50	1.54	0.62	0.999	0.222	0.222050624			
S122	Y00371	2	11	21	23	15	4	4	0	16	17	1	4	12.67	7.00	0.55	-0.86	0.771	0.254	0.253889572			
755	X07270		5	11	7				0	17	10			7.67	9.00	1.17	0.23	0.227	0.819	0.811647567			
S120	M16660	29	64	27	24	30	32	12	1	26	29	11	5	34.33	14.00	0.41	-1.29	0.562	0.024	0.02304435			
S119	U15590		2	4	4				2	2	1			3.33	1.67	0.50	-1.00	0.400	0.113	0.089009343			
S46	S67070		4	2	1				2	0	1			2.33	1.00	0.43	-1.22	0.600	0.285	0.274576629			
S96	U40992		0	1	1				0	1	0			0.67	0.33	0.50	-1.00	1.000	0.519	0.518518519			
S30	L15189		17	12	6				2	11	9			11.67	7.33	0.63	-0.67	0.848	0.361	0.359457794			
S58	U28918	17	36	21	8	15	8	2	6	20	15	4	8	17.50	9.17	0.52	-0.93	0.395	0.138	0.133759688			
S2	D13388		2	4	10				1	10	4			5.33	5.00	0.94	-0.09	0.904	0.930	0.93018855			
695	D49547		26	12	19				5	14	11			19.00	10.00	0.53	-0.93	0.600	0.147	0.135899748			
S103	M19645		3	1	5				2	6	0			3.00	2.67	0.89	-0.17	0.600	0.883	0.882028194			
S26	L10284; L18887; M94859; M98452		0	0	1				1	0	0			0.33	0.33	1.00	0.00	1.000	1.000	1			
S43	M84739	0	2	1	4	3	2	0	4	0	0	1	1	2.00	1.00	0.50	-1.00	0.846	0.270	0.269996287			
S21	J05016		1	1	1				0	1	0			1.00	0.33	0.33	-1.58	null	0.184	0.116116524			
S31	L24804; L24805		0	6	20				0	10	9			8.67	6.33	0.73	-0.45	0.447	0.751	0.746094462			
S44	M86752		14	7	0				0	8	8			7.00	5.33	0.76	-0.39	0.607	0.751	0.748019704			
S27	L11667		0	7	2				1	9	7			3.00	5.67	1.89	0.92	0.857	0.450	0.448869852			
S65	U73704	312	490	389	876	269	252	198	146	494	231	192	182	431.33	240.50	0.56	-0.84	0.204	0.120	0.110609508			
S97	U42031	32	40	28	8	33	14	23	54	26	52	12	154	25.83	53.50	2.07	1.05	0.007	0.255	0.233251612			
S37	M34539; M80199; M92423; X55741; X52220		81	47	7	67			20	34	21	36	126	50.50	47.40	0.94	-0.09	0.620	0.907	0.910640725			
S95	M88279		5	0	2				2	0	0			2.33	0.67	0.29	-1.81	0.348	0.379	0.356010456			
S39	M65128		0	1	9				1	1	1			3.33	1.00	0.30	-1.74	null	0.499	0.458628445			
763	X56134; M14144		86	99	70	144	49	57	48	148	184	66	221	89.60	120.67	1.35	0.43	0.185	0.390	0.413580109			
717	M34664		0	1	5				3	7	11		23	2.00	11.00	5.50	2.46	0.174	0.127	0.148344466			
C259	S83171; Z35491	23	26	24	19		10	1	2	14	20	3	5	20.40	7.50	0.37	-1.44	0.727	0.014	0.015347555			
S9	D23662		15	0	11				4	17	6			8.67	9.00	1.04	0.05	0.896	0.959	0.95861446			
S77	X52882		2	0	2				1	0	0			1.33	0.33	0.25	-2.00	0.400	0.274	0.25081536			
S59	U38846		0	1	1				0	1	1			0.67	0.67	1.00	0.00	1.000	1.000	1			
S11	D43950		0	8	15				0	10	10			7.67	6.67	0.87	-0.20	0.743	0.864	0.86376297			
S82	X74801; U17104		0	0	0				0	0	0			0.00	0.00	null	null	null	null	null			
S67	U83843	35	49	37	75	49	21	37	18	48	44	23	63	44.33	38.83	0.88	-0.19	0.841	0.598	0.597512331			
S3	D13627	2	2	8	5	7	6	3	0	8	4	4	5	5.00	4.00	0.80	-0.32	0.949	0.515	0.515466231			
S70	X06985		1	3	1				3	1	2			1.67	2.00	1.20	0.26	0.857	0.725	0.724658636			
S8	D21243; S34389		0	2	1				0	2	1			1.00	1.00	1.00	0.00	1.000	1.000	1			
S72	X15187; M33716		4	2	4				2	3	4			3.33	3.00	0.90	-0.15	0.857	0.725	0.724658636			
S47	U05569		0	0	3				2	0	0			1.00	0.67	0.67	-0.58	0.615	0.797	0.795255008			
S45	S45630		0	0	1				1	0	1			0.33	0.67	2.00	1.00	1.000	0.519	0.518518519			
S109	U59057		0	0	0				1	0	0			0.00	0.33	null	null	null	0.423	0.373900966			
S111	U35340		0	1	2				0	0	0			1.00	0.00	0.00	null	null	0.225	0.158302423			
S112	L10035		0	0	2				2	0	0			0.67	0.67	1.00	0.00	1.000	1.000	1			
S113	U71216		1	0	2				2	0	0			1.00	0.67	0.67	-0.58	0.857	0.725	0.724658636			
S160	U66582 + M11971; M11970		0	1	1				0	0	1			0.67	0.33	0.50	-1.00	1.000	0.519	0.518518519			
S23	L02950		0	6	13				0	8	8			6.33	5.33	0.84	-0.25	0.670	0.840	0.838774401			
S29	L13278; S58039		4	1	0				0	0	0			1.67	0.00	0.00	null	null	0.300	0.237796144			
S5	D16234; Z49835; D83485; U42068		11	8	1				0	9	11			6.67	6.67	1.00	0.00	0.868	1.000	1			
S12	D49489		10	6	11				2	10	6			9.00	6.00	0.67	-0.58	0.609	0.348	0.339541728			
S145	M75715		4	7	2				1	11	11			4.33	7.67	1.77	0.82	0.319	0.433	0.411168981			
S13	D49490		0	3	0				0	0	1			1.00	0.33	0.33	-1.58	0.200	0.581	0.561438044			
S147	M86737		1	1	1				2	1	1			1.00	1.33	1.33	0.42	null	0.423	0.373900966			
S63	U65785		0	0	1				1	0	0			0.33	0.33	1.00	0.00	1.000	1.000	1			
871	X90392; L40817; U06846		0	1	1				0	0	0			0.67	0.00	0.00	null	null	0.184	0.116116524			
374	L24564		0	0	0				2	0	0			0.00	0.67	null	null	null	0.423	0.373900966			
635	M96684	2	0	7	12	6	2	0	5	10	9	1	8	4.83	5.50	1.14	0.19	0.933	0.795	0.794520197			
640	M29971		0	0	1				2	0	0			0.33	0.67	2.00	1.00	0.400	0.686	0.677868829			
541	U09579; L25610		0	0	2				2	0	6			0.67	2.67	4.00	2.00	0.250	0.379	0.348641139			
S33	L37374		0	1	1				0	1	2			0.67	1.00	1.50	0.58	0.500	0.649	0.643329963			
S64	U70310		0	0	0				0	0	0			0.00	0.00	null	null	null	null	null			
661	K00065; X02317		0	3	4				0	5	2			2.33	2.33	1.00	0.00	0.813	1.000	1			
S19	J02947		28	21	2				10	12	6			17.00	9.33	0.55	-0.87	0.098	0.429	0.390295043			
S71	X07834; X59445		168	94	24		47	91	113	110	53		84	83.25	90.20	1.08	0.12	0.092	0.847	0.826184483			
38	M14694; M14695		0	0	0				0	0	1			0.00	0.33	null	null	null	0.423	0.373900966			
14	Z12020; M92424		0	1	0				0	1	1			0.33	0.67	2.00	1.00	1.000	0.519	0.518518519			
845	U33841		0	1	2				1	3	4			1.00	2.67	2.67	1.42	0.600	0.200	0.189003658			
637	J03250		0	0	1				2	2	1			0.33	1.67	5.00	2.32	1.000	0.047	0.047420656			
638	J04088		0	1	1				2	0	0			0.67	0.67	1.00	0.00	0.400	1.000	1			
S100	X68060		0	0	5				1	6	6			1.67	4.33	2.60	1.38	1.000	0.321	0.321131777			
S61	U43431		0	0	1				0	0	0			0.33	0.00	0.00	null	null	0.423	0.373900966			
S68	X04076	38	109	32	5	24	19		26	42	0	7	26	37.83	20.20	0.53	-0.91	0.155	0.326	0.349819263			
S75	X51420		0	0	2				0	1	0			0.67	0.33	0.50	-1.00	0.400	0.686	0.677868829			
S73	X15653		0	2	2				0	0	2			1.33	0.67	0.50	-1.00	1.000	0.519	0.518518519			
S76	X52486		0	1	4				0	1	1			1.67	0.67	0.40	-1.32	0.143	0.497	0.467604755			
S41	M74905		0	3	1				0	0	1			1.33	0.33	0.25	-2.00	0.250	0.379	0.348641139			
S62	U51166		0	2	0				5	3	4			0.67	4.00	6.00	2.58	0.857	0.020	0.019441768			
S86	Y11838		2	5	1				1	5	4			2.67	3.33	1.25	0.32	1.000	0.715	0.714888756			
S108	U63329		2	0	0				0	0	0			0.67	0.00	0.00	null	null	0.423	0.373900966			
S79	X59764; X66133		1	1	1				1	1	1			1.00	1.00	1.00	0.00	null	null	null			
S66	U79718		0	1	0				1	0	0			0.33	0.33	1.00	0.00	1.000	1.000	1			
S38	M36067		0	8	4				4	6	5			4.00	5.00	1.25	0.32	0.118	0.711	0.696007826			
870	X84740		0	0	1				0	0	0			0.33	0.00	0.00	null	null	0.423	0.373900966			
S35	M18112; J03473		0	0	1				2	0	0			0.33	0.67	2.00	1.00	0.400	0.686	0.677868829			
S6	D16581		1	0	2				2	0	0			1.00	0.67	0.67	-0.58	0.857	0.725	0.724658636			
432	M36089	5	17	14	5	12	12	0	2	12	6	4	5	10.83	4.83	0.45	-1.16	0.721	0.045	0.044045647			
S10	D29013		3	0	4				2	8	5			2.33	5.00	2.14	1.10	0.650	0.282	0.274576629			
S34	M11722; K01919		0	0	2				0	0	0			0.67	0.00	0.00	null	null	0.423	0.373900966			
S78	X55715	23	50	53	360	26	19	70	0	178	38	9	33	88.50	54.67	0.62	-0.70	0.141	0.594	0.589876098			
S4	D14533		0	4	4				0	2	2			2.67	1.33	0.50	-1.00	0.400	0.438	0.421648255			
422	M31899		0	2	1				2	1	3			1.00	2.00	2.00	1.00	1.000	0.288	0.287864135			
S7	D21089		2	5	1				1	5	5			2.67	3.67	1.38	0.46	0.897	0.607	0.607167578			
668	D21235		90	30	23	29	34	19	18	20	18	7	11	41.20	15.50	0.38	-1.41	0.003	0.105	0.050240865			
667	D21090	2	13	10	11	9	6	7	5	8	12	4	19	8.50	9.17	1.08	0.11	0.466	0.816	0.815510438			
642	X52221		0	1	0				2	0	1			0.33	1.00	3.00	1.58	0.500	0.387	0.373900966			
S55	U18299		0	3	0				2	1	0			1.00	1.00	1.00	0.00	0.500	1.000	1			
S56	U18300		0	0	1				4	1	0			0.33	1.67	5.00	2.32	0.143	0.384	0.345271499			
S102	L77890		0	1	0				0	0	0			0.33	0.00	0.00	null	null	0.423	0.373900966			
365	L20046; X69978		0	1	2				3	5	3			1.00	3.67	3.67	1.87	0.857	0.040	0.039020527			
S57	U28413		3	0	3				0	0	0			2.00	0.00	0.00	null	null	0.184	0.116116524			
334	L04791		3	0	0				3	0	0			1.00	1.00	1.00	0.00	1.000	1.000	1			
84	M95809		0	1	3				0	0	0			1.33	0.00	0.00	null	null	0.270	0.205106455			
132	Z30094		0	2	2				0	1	0			1.33	0.33	0.25	-2.00	0.400	0.274	0.25081536			
S88	Z30093		0	1	1				0	0	0			0.67	0.00	0.00	null	null	0.184	0.116116524			
S84	Y07595		0	0	1				0	0	0			0.33	0.00	0.00	null	null	0.423	0.373900966			
649	M13194		29	15	4				2	9	11			16.00	7.33	0.46	-1.13	0.249	0.356	0.325061737			
460	M63488		1	3	1				2	1	0			1.67	1.00	0.60	-0.74	0.857	0.493	0.491767001			
S22	J05249		41	17	6		23		5	21	8			21.75	11.33	0.52	-0.94	0.525	0.292	0.326714993			
S25	L07493		7	2	4				0	2	0			4.33	0.67	0.15	-2.70	0.348	0.112	0.08351989			
S107	U24186		25	1	1				3	0	0			9.00	1.00	0.11	-3.17	0.031	0.423	0.377229081			
C22	M15796; J04718	8	6	12	13	9	6	3	2	15	10	4	5	9.00	6.50	0.72	-0.47	0.275	0.323	0.31766194			
341	L07540		0	0	2				0	0	0			0.67	0.00	0.00	null	null	0.423	0.373900966			
492	M87339		0	2	1				0	0	0			1.00	0.00	0.00	null	null	0.225	0.158302423			
342	L07541		0	0	1				0	0	0			0.33	0.00	0.00	null	null	0.423	0.373900966			
491	M87338	11	17	8	4	15	10	6	0	7	15	4	13	10.83	7.50	0.69	-0.53	0.709	0.292	0.291110218			
151	L14922		3	6	2				0	3	7			3.67	3.33	0.91	-0.14	0.520	0.896	0.894373617			
567	X06745		1	1	0				0	0	1			0.67	0.33	0.50	-1.00	1.000	0.519	0.518518519			
S42	M80397		8	3	5				2	3	2			5.33	2.33	0.44	-1.19	0.100	0.170	0.11447719			
719	M60974		2	1	0				2	1	1			1.00	1.33	1.33	0.42	0.500	0.649	0.643329963			
732	S40706; S62138	17	8	14	19	12	8	14	18	19	23	9	23	13.00	17.67	1.36	0.44	0.712	0.139	0.13797552			
864	U63139		2	0	1				2	1	0			1.00	1.00	1.00	0.00	1.000	1.000	1			
308	D13804		0	1	1				0	0	0			0.67	0.00	0.00	null	null	0.184	0.116116524			
830	U12134		0	0	1				0	0	0			0.33	0.00	0.00	null	null	0.423	0.373900966			
S52	U09820		2	5	4				1	6	2			3.67	3.00	0.82	-0.29	0.500	0.729	0.724658636			
S83	X97795		0	2	2				0	0	1			1.33	0.33	0.25	-2.00	0.400	0.274	0.25081536			
748	U43746		1	1	3				0	0	1			1.67	0.33	0.20	-2.32	0.400	0.173	0.148148148			
S15	D63882		2	1	1				0	0	0			1.33	0.00	0.00	null	null	0.057	0.01613009			
869	X83441		4	3	4				0	2	1			3.67	1.00	0.27	-1.87	0.500	0.025	0.01613009			
468	M74524	32	41	16	15	30			4	18	25	17		26.80	16.00	0.60	-0.74	0.724	0.147	0.157621898			
S93	M74525		0	1	2				2	2	1			1.00	1.67	1.67	0.74	0.500	0.387	0.373900966			
S85	Y08837		1	0	1				3	0	0			0.67	1.00	1.50	0.58	0.200	0.777	0.767643915			
S60	U40622		1	0	8				0	0	0			3.00	0.00	0.00	null	null	0.355	0.299117595			
424	M32865; S38729		1	1	2				0	0	0			1.33	0.00	0.00	null	null	0.057	0.01613009			
417	M30938		2	1	15				0	2	1			6.00	1.00	0.17	-2.58	0.032	0.383	0.333140456			
745	U35835 + U47077		1	2	0				1	0	1			1.00	0.67	0.67	-0.58	0.500	0.649	0.643329963			
S36	M29474		2	1	3				1	0	0			2.00	0.33	0.17	-2.58	0.500	0.082	0.066766545			
S104	M94633		3	1	7				2	0	0			3.67	0.67	0.18	-2.46	0.250	0.225	0.1868218			
662	U07418	47	92	29	23	58	34	29	18	32	25	31	25	47.17	26.67	0.57	-0.82	0.003	0.106	0.08101544			
C54	U04045; L47583		5	1	4				8	2	0			3.33	3.33	1.00	0.00	0.400	1.000	1			
S20	J04810		5	5	4				5	2	0			4.67	2.33	0.50	-1.00	0.100	0.246	0.192578742			
C77	U54777		3	3	7				2	0	1			4.33	1.00	0.23	-2.12	0.316	0.114	0.083474038			
S106	U13696		2	0	1				0	0	0			1.00	0.00	0.00	null	null	0.225	0.158302423			
S105	U13695		2	1	2				0	0	0			1.67	0.00	0.00	null	null	0.038	0.007490434			
S151	X14672; X17059		1	1	2				0	0	0			1.33	0.00	0.00	null	null	0.057	0.01613009			
S87	Z00036		0	3	2				1	0	2			1.67	1.00	0.60	-0.74	0.600	0.567	0.561438044			
S18	J02871		1	1	1				0	0	0			1.00	0.00	0.00	null	null	null	null			
S115	M33318; X13930; X13897		2	1	4				0	0	0			2.33	0.00	0.00	null	null	0.118	0.057235231			
S116	M21940 + M15331; M21939 + M61858 + M61854		0	0	4				1	0	1			1.33	0.67	0.50	-1.00	0.118	0.671	0.652993894			
S51	U09178	14	29	11	17		19	15	6	15	13	14	28	18.00	15.17	0.84	-0.25	0.964	0.520	0.521468805			
S92	M64082		1	1	2				5	0	0			1.33	1.67	1.25	0.32	0.077	0.861	0.854079703			
S101	Z11737		2	0	2				1	0	0			1.33	0.33	0.25	-2.00	0.400	0.274	0.25081536			
S89	L37080		2	1	6				0	0	0			3.00	0.00	0.00	null	null	0.188	0.121003919			
S69	X04808		5	3	3				5	5	1			3.67	3.67	1.00	0.00	0.400	1.000	1			
S91	M23234		0	2	2				0	0	0			1.33	0.00	0.00	null	null	0.184	0.116116524			
S24	L05628	29	20	5	4	7	6	9	5	7	3	6	5	11.83	5.83	0.49	-1.02	0.003	0.215	0.190524186			
S48	U08021		0	2	0				3	0	0			0.67	1.00	1.50	0.58	0.615	0.797	0.795255008			
S50	U09031 + U28170 +  L19956		30	18	20	23	21	19	7	23	20		22	22.40	18.20	0.81	-0.30	0.531	0.274	0.270690013			
S49	U08854; X63359; U06641; J05428; Y00317		2	0	2				2	0	0			1.33	0.67	0.50	-1.00	1.000	0.519	0.518518519			
S142	M68840		3	2	2				0	0	0			2.33	0.00	0.00	null	null	0.020	0.00219213			
S143	M69177		0	0	1				0	0	0			0.33	0.00	0.00	null	null	0.423	0.373900966			
S128	K03191		1	1	3				0	0	1			1.67	0.33	0.20	-2.32	0.400	0.173	0.148148148			
S136	M20403		5	2	1				2	0	0			2.67	0.67	0.25	-2.00	0.471	0.238	0.219306924			
S124	J02625		3	2	1				1	0	0			2.00	0.33	0.17	-2.58	0.500	0.082	0.066766545			
S125	J02906		4	1	1				0	1	0			2.00	0.33	0.17	-2.58	0.200	0.232	0.189003658			
S135	M14565		0	1	1				2	0	0			0.67	0.67	1.00	0.00	0.400	1.000	1			
S153	X55764		1	3	2				3	0	1			2.00	1.33	0.67	-0.58	0.600	0.567	0.561438044			
S134	M12792; M23280	0	0	1	0	1	2	3	2	0	1	1	2	0.67	1.50	2.25	1.17	0.596	0.157	0.155614956			
S131	L07765		5	1	3				1	1	2			3.00	1.33	0.44	-1.17	0.154	0.283	0.237796144			
S127	J05459		1	1	1				1	0	0			1.00	0.33	0.33	-1.58	null	0.184	0.116116524			
645	X15722		1	1	2				0	0	1			1.33	0.33	0.25	-2.00	1.000	0.101	0.101191507			
648	J03746; B28083		0	1	1				2	2	2			0.67	2.00	3.00	1.58	null	0.057	0.01613009			
651	X68676; S01719	20	32	3	1	3	10	9	10	2	6	3	4	11.50	5.67	0.49	-1.02	0.011	0.305	0.285806983			
652	X08058; M24485	94	149	44	11	64	57	46	28	42	48	44	19	69.83	37.83	0.54	-0.88	0.008	0.162	0.138539273			
653	M25627		8	7	5				3	5	9			6.67	5.67	0.85	-0.23	0.400	0.648	0.638768207			
658	Y00483; M21304	53	29	33	55	15	29	17	23	17	11	18	25	35.67	18.50	0.52	-0.95	0.026	0.041	0.027081787			
671	X79389		9	5	5				4	4	6			6.33	4.67	0.74	-0.44	0.400	0.346	0.326164235			
C370	U90313		45	26	49	16			25	34	33	18	41	34.00	30.20	0.89	-0.17	0.302	0.685	0.657560272			
S130	L05779		0	1	1				0	0	0			0.67	0.00	0.00	null	null	0.184	0.116116524			
S138	M57899		2	2	1				2	0	0			1.67	0.67	0.40	-1.32	0.400	0.274	0.25081536			
S148	S55985		0	1	1				1	0	0			0.67	0.33	0.50	-1.00	1.000	0.519	0.518518519			
S146	M84127		1	0	1				0	0	0			0.67	0.00	0.00	null	null	0.184	0.116116524			
S139	M57951	8	13	8	0	6	8	4	7	4	6	7	2	7.17	5.00	0.70	-0.52	0.127	0.292	0.281828751			
S126	J04093		0	3	1				2	0	0			1.33	0.67	0.50	-1.00	0.727	0.581	0.579015429			
S154	X71480		2	1	1				3	0	0			1.33	1.00	0.75	-0.42	0.200	0.777	0.767643915			
S156	X92106		1	3	2				3	0	0			2.00	1.00	0.50	-1.00	0.500	0.447	0.435330943			
S141	M65212	8	8	4	5	6	8	3	4	6	4	4	14	6.50	5.83	0.90	-0.16	0.086	0.727	0.723044552			
S158	Z28409		0	3	1				2	0	0			1.33	0.67	0.50	-1.00	0.727	0.581	0.579015429			
S157	Y09501	11	23	13	10	6	6	14	8	8	8	6	4	11.50	8.00	0.70	-0.52	0.193	0.265	0.256300886			
S150	U12778		1	1	1				0	0	0			1.00	0.00	0.00	null	null	null	null			
S152	X53463		0	0	0				2	0	0			0.00	0.67	null	null	null	0.423	0.373900966			
S140	M63012		0	0	0				1	0	0			0.00	0.33	null	null	null	0.423	0.373900966			
S132	L48513		0	1	1				3	0	0			0.67	1.00	1.50	0.58	0.200	0.777	0.767643915			
S133	L48516		1	1	0				3	0	0			0.67	1.00	1.50	0.58	0.200	0.777	0.767643915			
S149	S62904		5	0	0				2	0	2			1.67	1.33	0.80	-0.32	0.276	0.866	0.861720037			
S129	L02932		1	0	4				4	1	0			1.67	1.67	1.00	0.00	1.000	1.000	1			
905	M26880		92	186	124				177	173	163			134.00	171.00	1.28	0.35	0.045	0.311	0.255507061			
906	M86400		0	7	8				0	4	8			5.00	4.00	0.80	-0.32	0.914	0.784	0.784257268			
907	V00530		1	4	3				0	1	2			2.67	1.00	0.38	-1.42	0.600	0.200	0.189003658			
16	X01677		285	221	166				186	206	193			224.00	195.00	0.87	-0.20	0.056	0.489	0.452495303			
901	K00558		45	39	81		29		20	43	44			48.50	35.67	0.74	-0.44	0.551	0.395	0.428971371			
902	M11886		272	153	174				166	202	172			199.67	180.00	0.90	-0.15	0.169	0.652	0.634881093			
49	X00351		266	195	136				131	171	143			199.00	148.33	0.75	-0.42	0.181	0.309	0.267905745			
903	X56932		556	324	479			206	194	645	195			453.00	310.00	0.68	-0.55	0.453	0.328	0.366168976			
904	U14971	23	56	39	36			20	19	76	40			38.50	38.75	1.01	0.01	0.297	0.987	0.987204371			
																							
																							
																							
																							
																							
																							
																							
																							
																							
																							
																							
																							
																							
																							
																							
																							
																							
																							
																							
																							
																							
																							
																							
																							
